kinematics:
  shoulder:
    x: 0
    y: 0
    z: 0.089118116562904207
    roll: -0
    pitch: 0
    yaw: -6.4295161775606292e-05
  upper_arm:
    x: 0.0003985367903066347
    y: 0
    z: 0
    roll: 1.5704160214758012
    pitch: 0
    yaw: -7.2853281325446773e-05
  forearm:
    x: -0.42551238408799957
    y: 0
    z: 0
    roll: 3.14096489421964
    pitch: 3.1405610262522039
    yaw: 3.1415804061815975
  wrist_1:
    x: -0.39253375527988182
    y: -0.00024451206994184095
    z: 0.11011431291705649
    roll: 0.002220525757184501
    pitch: -2.4209378087711477e-05
    yaw: -3.4264888950615263e-05
  wrist_2:
    x: -1.666601505507678e-05
    y: -0.094754250223342398
    z: -3.2116554346915426e-05
    roll: 1.5711352725734904
    pitch: 0
    yaw: -2.9580432498765173e-05
  wrist_3:
    x: 5.4915352613153288e-05
    y: 0.082535632049108174
    z: 3.9448376307548279e-05
    roll: 1.5712742824647603
    pitch: 3.1415926535897931
    yaw: 3.1415337079140779
  hash: calib_5081669923242017856